Varroa Population Simulation - Oct 07,2019  01:49:23 AM
VarroaPop Version 3.3.1.1 March 2019

                                        Capped  Capped                                                                      Prop           Conc          Conc                                             
            Colony  Adult  Adult         Drone   Wkr    Drone  Wkr    Drone  Wkr  Free   DBrood WBrood DMite  WMite  Mites  Mites  Colony Pollen Colony Nectar   Dead   Dead   Dead   Dead   Dead    Queen      Ave
     Date   Size   Drones   Wkr   Forgrs Brood  Brood   Larv   Larv    Eggs  Eggs Mites  Mites  Mites  /Cell  /Cell  Dying  Dying  Pollen  Pest  Nectar  Pest    DLarv  WLarv  DAdlt  WAdlt  Forgrs  Strength   Temp   Rain
Initial     20000      0  13545   6000      0      0      0      0      0      0      0      0      0   0.00   0.00      0   0.00    0.0  0.000    0.0  0.000      0      0      0      0      0      5.000    0.000  0.000
01/01/2006  20000      0  13545   6000      0      0      0      0      0      0      0      0      0   0.00   0.00      0   0.00    0.0  0.000    0.0  0.000      0      0      0      0      0      5.000   -4.660  0.000
01/02/2006  20000      0  13545   6000      0      0      0      0      0      0      0      0      0   0.00   0.00      0   0.00    0.0  0.000    0.0  0.000      0      0      0      0      0      5.000   -2.035  0.000
01/03/2006  20000      0  13545   6000      0      0      0      0      0      0      0      0      0   0.00   0.00      0   0.00    0.0  0.000    0.0  0.000      0      0      0      0      0      5.000   -0.935  0.000
01/04/2006  20000      0  13545   6000      0      0      0      0      0      0      0      0      0   0.00   0.00      0   0.00    0.0  0.000    0.0  0.000      0      0      0      0      0      5.000   -2.045  0.050
01/05/2006  20000      0  13545   6000      0      0      0      0      0      0      0      0      0   0.00   0.00      0   0.00    0.0  0.000    0.0  0.000      0      0      0      0      0      5.000   -3.815  0.000
01/06/2006  20000      0  13545   6000      0      0      0      0      0      0      0      0      0   0.00   0.00      0   0.00    0.0  0.000    0.0  0.000      0      0      0      0      0      5.000   -5.280  0.000
01/07/2006  20000      0  13545   6000      0      0      0      0      0      0      0      0      0   0.00   0.00      0   0.00    0.0  0.000    0.0  0.000      0      0      0      0      0      5.000   -4.585  0.000
01/08/2006  20000      0  13545   6000      0      0      0      0      0      0      0      0      0   0.00   0.00      0   0.00    0.0  0.000    0.0  0.000      0      0      0      0      0      5.000   -5.515  0.000
01/09/2006  20000      0  13545   6000      0      0      0      0      0      0      0      0      0   0.00   0.00      0   0.00    0.0  0.000    0.0  0.000      0      0      0      0      0      5.000   -4.875  0.000
01/10/2006  20000      0  13545   6000      0      0      0      0      0      0      0      0      0   0.00   0.00      0   0.00    0.0  0.000    0.0  0.000      0      0      0      0      0      5.000   -3.375  0.000
01/11/2006  20000      0  13545   6000      0      0      0      0      0      0      0      0      0   0.00   0.00      0   0.00    0.0  0.000    0.0  0.000      0      0      0      0      0      5.000   -3.105  0.000
01/12/2006  20000      0  13545   6000      0      0      0      0      0      0      0      0      0   0.00   0.00      0   0.00    0.0  0.000    0.0  0.000      0      0      0      0      0      5.000   -0.990  0.000
01/13/2006  20000      0  13545   6000      0      0      0      0      0      0      0      0      0   0.00   0.00      0   0.00    0.0  0.000    0.0  0.000      0      0      0      0      0      5.000    1.630  0.000
01/14/2006  20000      0  13545   6000      0      0      0      0      0      0      0      0      0   0.00   0.00      0   0.00    0.0  0.000    0.0  0.000      0      0      0      0      0      5.000    1.410  0.000
01/15/2006  20000      0  13545   6000      0      0      0      0      0      0      0      0      0   0.00   0.00      0   0.00    0.0  0.000    0.0  0.000      0      0      0      0      0      5.000   -0.910  0.000
01/16/2006  20000      0  13545   6000      0      0      0      0      0      0      0      0      0   0.00   0.00      0   0.00    0.0  0.000    0.0  0.000      0      0      0      0      0      5.000   -1.190  0.000
01/17/2006  20000      0  13545   6000      0      0      0      0      0      0      0      0      0   0.00   0.00      0   0.00    0.0  0.000    0.0  0.000      0      0      0      0      0      5.000   -0.735  0.000
01/18/2006  20000      0  13545   6000      0      0      0      0      0      0      0      0      0   0.00   0.00      0   0.00    0.0  0.000    0.0  0.000      0      0      0      0      0      5.000   -1.665  0.475
01/19/2006  20000      0  13545   6000      0      0      0      0      0      0      0      0      0   0.00   0.00      0   0.00    0.0  0.000    0.0  0.000      0      0      0      0      0      5.000   -0.980  0.550
01/20/2006  20000      0  13545   6000      0      0      0      0      0      0      0      0      0   0.00   0.00      0   0.00    0.0  0.000    0.0  0.000      0      0      0      0      0      5.000    0.245  0.000
01/21/2006  20000      0  13545   6000      0      0      0      0      0      0      0      0      0   0.00   0.00      0   0.00    0.0  0.000    0.0  0.000      0      0      0      0      0      5.000   -0.200  0.000
01/22/2006  20000      0  13545   6000      0      0      0      0      0      0      0      0      0   0.00   0.00      0   0.00    0.0  0.000    0.0  0.000      0      0      0      0      0      5.000    0.675  0.000
01/23/2006  20000      0  13545   6000      0      0      0      0      0      0      0      0      0   0.00   0.00      0   0.00    0.0  0.000    0.0  0.000      0      0      0      0      0      5.000   -0.170  0.000
01/24/2006  20000      0  13545   6000      0      0      0      0      0      0      0      0      0   0.00   0.00      0   0.00    0.0  0.000    0.0  0.000      0      0      0      0      0      5.000    0.795  4.150
01/25/2006  20000      0  13545   6000      0      0      0      0      0      0      0      0      0   0.00   0.00      0   0.00    0.0  0.000    0.0  0.000      0      0      0      0      0      5.000    2.300  4.625
01/26/2006  20000      0  13545   6000      0      0      0      0      0      0      0      0      0   0.00   0.00      0   0.00    0.0  0.000    0.0  0.000      0      0      0      0      0      5.000   -0.990  0.000
01/27/2006  20000      0  13545   6000      0      0      0      0      0      0      0      0      0   0.00   0.00      0   0.00    0.0  0.000    0.0  0.000      0      0      0      0      0      5.000   -1.475  0.000
01/28/2006  20000      0  13545   6000      0      0      0      0      0      0      0      0      0   0.00   0.00      0   0.00    0.0  0.000    0.0  0.000      0      0      0      0      0      5.000    2.165  0.000
01/29/2006  20000      0  13545   6000      0      0      0      0      0      0      0      0      0   0.00   0.00      0   0.00    0.0  0.000    0.0  0.000      0      0      0      0      0      5.000    2.460  0.000
01/30/2006  20000      0  13545   6000      0      0      0      0      0      0      0      0      0   0.00   0.00      0   0.00    0.0  0.000    0.0  0.000      0      0      0      0      0      5.000    1.940  0.000
01/31/2006  20000      0  13545   6000      0      0      0      0      0      0      0      0      0   0.00   0.00      0   0.00    0.0  0.000    0.0  0.000      0      0      0      0      0      5.000    1.380  0.000
02/01/2006  20000      0  13545   6000      0      0      0      0      0      0      0      0      0   0.00   0.00      0   0.00    0.0  0.000    0.0  0.000      0      0      0      0      0      5.000    0.625  0.000
02/02/2006  20000      0  13545   6000      0      0      0      0      0      0      0      0      0   0.00   0.00      0   0.00    0.0  0.000    0.0  0.000      0      0      0      0      0      5.000    0.130  0.000
02/03/2006  20000      0  13545   6000      0      0      0      0      0      0      0      0      0   0.00   0.00      0   0.00    0.0  0.000    0.0  0.000      0      0      0      0      0      5.000   -0.785  0.000
02/04/2006  20000      0  13545   6000      0      0      0      0      0      0      0      0      0   0.00   0.00      0   0.00    0.0  0.000    0.0  0.000      0      0      0      0      0      5.000   -1.415  0.500
02/05/2006  20000      0  13545   6000      0      0      0      0      0      0      0      0      0   0.00   0.00      0   0.00    0.0  0.000    0.0  0.000      0      0      0      0      0      5.000   -3.935  0.000
02/06/2006  20000      0  13545   6000      0      0      0      0      0      0      0      0      0   0.00   0.00      0   0.00    0.0  0.000    0.0  0.000      0      0      0      0      0      5.000   -1.525  1.350
02/07/2006  20000      0  13545   6000      0      0      0      0      0      0      0      0      0   0.00   0.00      0   0.00    0.0  0.000    0.0  0.000      0      0      0      0      0      5.000    0.975  4.000
02/08/2006  20000      0  13545   6000      0      0      0      0      0      8      0      0      0   0.00   0.00      0   0.00    0.0  0.000    0.0  0.000      0      0      0      0      0      5.000    3.270  2.025
02/09/2006  20000      0  13545   6000      0      0      0      0      0     13      0      0      0   0.00   0.00      0   0.00    0.0  0.000    0.0  0.000      0      0      0      0      0      5.000    1.360  0.000
02/10/2006  20000      0  13545   6000      0      0      0      0      0     18      0      0      0   0.00   0.00      0   0.00    0.0  0.000    0.0  0.000      0      0      0      0      0      5.000    0.870  0.000
02/11/2006  19990      0  12900   5997      0      0      0      8      0     37      0      0      0   0.00   0.00      0   0.00    0.0  0.000    0.0  0.000      0      0      0      0      0      5.000    3.955  0.000
02/12/2006  19979      0  12255   5993      0      0      0     13      0     54      0      0      0   0.00   0.00      0   0.00    0.0  0.000    0.0  0.000      0      0      0      0      0      5.000    2.390  0.375
02/13/2006  19968      0  11610   5990      0      0      0     18      0     71      0      0      0   0.00   0.00      0   0.00    0.0  0.000    0.0  0.000      0      0      0      0      0      5.000    2.015  0.400
02/14/2006  19956      0  10965   5986      0      0      0     45      0     68      0      0      0   0.00   0.00      0   0.00    0.0  0.000    0.0  0.000      0      0      0      0      0      5.000    1.725  0.050
02/15/2006  19944      0  10320   5983      0      0      0     67      0     74      0      0      0   0.00   0.00      0   0.00    0.0  0.000    0.0  0.000      0      0      0      0      0      5.000    1.785  0.000
02/16/2006  19932      0   9675   5979      0      8      0     81      0    111      0      0      0   0.00   0.00      0   0.00    0.0  0.000    0.0  0.000      0      0      0      0      0      5.000    3.570  0.000
02/17/2006  19919      0   9030   5975      0     13      0    100      0    163      0      0      0   0.00   0.00      0   0.00    0.0  0.000    0.0  0.000      0      0      0      0      0      5.000    4.150  0.000
02/18/2006  19906      0   8385   5971      0     18      0    123      0    234      0      0      0   0.00   0.00      0   0.00    0.0  0.000    0.0  0.000      0      0      0      0      0      5.000    4.930  0.000
02/19/2006  19893      0   7740   5967      0     45      0    155      0    283      0      0      0   0.00   0.00      0   0.00  397.4  0.000 1646.2  0.000      0      0      0      0      0      5.000    4.885  0.000
02/20/2006  19879      0   7095   5963      0     67      0    209      0    299      0      0      0   0.00   0.00      0   0.00  332.3  0.000 1502.3  0.000      0      0      0      0      0      5.000    3.605  0.000
02/21/2006  19865      0   6450   5959      0     89      0    286      0    285      0      0      0   0.00   0.00      0   0.00  266.0  0.000 1358.5  0.000      0      0      0      0      0      5.000    2.935  0.000
02/22/2006  19850      0   5805   5955      0    113      0    370      0    290      0      0      0   0.00   0.00      0   0.00  198.6  0.000 1214.7  0.000      0      0      0      0      0      5.000    3.740  0.000
02/23/2006  19835      0   5160   5950      0    141      0    434      0    327      0      0      0   0.00   0.00      0   0.00  130.0  0.000 1071.0  0.000      0      0      0      0      0      5.000    3.995  0.000
02/24/2006  19188      0   4515   5756      0    200      0    460      0    383      0      0      0   0.00   0.00      0   0.00  508.6  0.000 2656.5  0.000      0      0      0      0      0      5.000    4.130  0.000
02/25/2006  19173      0   3870   5751      0    276      0    497      0    413      0      0      0   0.00   0.00      0   0.00  885.8  0.000 4240.6  0.000      0      0      0      0      0      5.000    3.915  0.000
02/26/2006  19158      0   3225   5747      0    375      0    527      0    426      0      0      0   0.00   0.00      0   0.00  816.2  0.000 4099.5  0.000      0      0      0      0      0      5.000    3.610  0.000
02/27/2006  19142      0   2580   5742      0    483      0    560      0    434      0      0      0   0.00   0.00      0   0.00  745.3  0.000 3958.4  0.000      0      0      0      0      0      5.000    3.535  0.000
02/28/2006  19126      0   1935   5737      0    575      0    611      0    439      0      0      0   0.00   0.00      0   0.00  673.3  0.000 3817.4  0.000      0      0      0      0      0      5.000    3.280  0.000
03/01/2006  19117      0   1298   5735      0    652      0    668      1    504      0      0      0   0.00   0.00      0   0.00  600.1  0.000 3676.4  0.000      0      0      0      0      0      5.000    4.525  0.000
03/02/2006  17853      0    658   5355      0    760      0    704      3    676      0      0      0   0.00   0.00      0   0.00  945.8  0.000 5146.8  0.000      0      0      0      0      0      5.000    7.095  0.000
03/03/2006  17841      0     18   5352      0    884      0    723      7    965      0      0      0   0.00   0.00      0   0.00  874.4  0.000 5027.0  0.000      0      0      0      0      0      5.000    9.900  5.350
03/04/2006  17851      0     45   5355      0    998      1    789      9   1092      0      0      0   0.00   0.00      0   0.00  802.8  0.000 4891.0  0.000      0      0      0      0      0      5.000    6.795  0.525
03/05/2006  17856      0     67   5356      0   1119      3    967     10   1077      0      0      0   0.00   0.00      0   0.00 1147.4  0.000 6361.7  0.000      0      0      0      0      0      5.000    5.870  0.000
03/06/2006  15997      0     89   4799      0   1239      7   1262     11   1070      0      0      0   0.00   0.00      0   0.00 1456.0  0.000 7672.9  0.000      0      0      0      0      0      5.000    8.395  0.000
03/07/2006  15386      0    113   4615      0   1364     10   1447     13   1209      0      0      0   0.00   0.00      0   0.00 1752.7  0.000 7626.9  0.000      0      0      0      0      0      5.000    9.425  0.000
03/08/2006  14781      0    141   4434      0   1484     13   1605     15   1340      0      0      0   0.00   0.00      0   0.00 2037.7  0.000 8833.8  0.000      0      0      0      0      0      5.000    8.390  0.000
03/09/2006  14209      0    200   4262      0   1632     18   1828     15   1420      0      0      0   0.00   0.00      0   0.00 2311.4  0.000 8789.7  0.000      0      0      0      0      0      5.000    9.895  0.000
03/10/2006   6021      0    276   1806      0   1877     23   1980     15   1429      0      0      0   0.00   0.00      0   0.00 2426.8  0.000 8762.3  0.000      0      0      0      0      0      5.000    9.075  0.000
03/11/2006   2929      0    375    878      1   2215     27   1980     12   1380      0      0      0   0.00   0.00      0   0.00 2482.2  0.000 8744.7  0.000      0      0      0      0      0      5.000   10.195  0.000
03/12/2006   2400      0    483    720      3   2441     30   2156      7   1162      0      0      0   0.00   0.00      0   0.00 2527.2  0.000 8729.1  0.000      0      0      0      0      0      5.000   11.420  0.000
03/13/2006   2490      0    575    747      7   2655     31   2332      2    905      0      0      0   0.00   0.00      0   0.00 2515.8  0.000 8700.6  0.000      0      0      0      0      0      5.000    9.835  4.150
03/14/2006   2573      0    660    771     10   3000     30   2290      0    681      0      0      0   0.00   0.00      0   0.00 2503.9  0.000 8650.9  0.000      0      0      0      0      0      5.000    6.555  1.250
03/15/2006   2684      0    773    805     13   3360     27   2109      0    530      0      0      0   0.00   0.00      0   0.00 2491.4  0.000 8600.1  0.000      0      0      0      0      0      5.000    5.330  0.000
03/16/2006   1536      0    902    460     18   3668     22   1897      0    571      0      0      0   0.00   0.00      0   0.00 2518.8  0.000 8588.4  0.000      0      0      0      0      0      5.000   11.040  0.000
03/17/2006   1676      0   1043    502     23   4037     17   1551      0    543      0      0      0   0.00   0.00      0   0.00 2513.2  0.000 8567.1  0.000      0      0      0      0      0      5.000   12.285  0.950
03/18/2006   1818      0   1186    545     28   4376     12   1210      0    509      0      0      0   0.00   0.00      0   0.00 2506.7  0.000 8544.4  0.000      0      0      0      0      0      5.000    8.885  0.725
03/19/2006   1959      0   1328    587     33   4622      7   1088      0    356      0      0      0   0.00   0.00      0   0.00 2499.8  0.000 8520.6  0.000      0      0      0      0      0      5.000    9.275  1.250
03/20/2006   1477      0   1477      0     38   4765      2    932      0    327      0      0      0   0.00   0.00      0   0.00 2494.9  0.000 8483.3  0.000      0      0      0      0      0      5.000    8.420  0.000
03/21/2006   1625      0   1625      0     40   4842      0    814      0    220      0      0      0   0.00   0.00      0   0.00 2492.4  0.000 8462.5  0.000      0      0      0      0      0      5.000    8.530  0.000
03/22/2006   1832      0   1824      8     40   4799      0    763      0    107      0      0      0   0.00   0.00      0   0.00 2490.1  0.000 8439.9  0.000      0      0      0      0      0      5.000    8.565  0.000
03/23/2006   2152      0   2140     12     40   4619      0    729      0      1      0      0      0   0.00   0.00      0   0.00 2486.5  0.000 8414.3  0.000      0      0      0      0      0      5.000    8.755  1.225
03/24/2006   2588      0   2572     16     40   4448      0    463      0      3      0      0      0   0.00   0.00      0   0.00 2481.8  0.000 8385.0  0.000      0      0      0      0      0      5.000    9.875  0.525
03/25/2006   2922      1   2879     42     39   4250      0    327      0      6      0      0      0   0.00   0.00      0   0.00 2476.2  0.000 8331.9  0.000      0      0      0      0      0      5.000    8.060  0.450
03/26/2006   3227      3   3163     61     37   4051      0    221      0     16      0      0      0   0.00   0.00      0   0.00 2474.5  0.000 8298.5  0.000      0      0      0      0      0      5.000    9.725  0.000
03/27/2006   3657      7   3571     79     33   3734      0    110      0     29      0      0      0   0.00   0.00      0   0.00 2473.2  0.000 8262.1  0.000      0      0      0      0      0      5.000    9.155  0.000
03/28/2006   4129     10   4020     99     30   3368      0      6      0     48      0      0      0   0.00   0.00      0   0.00 2464.8  0.000 8220.9  0.000      0      0      0      0      0      5.000   10.220  0.475
03/29/2006   4565     13   4429    123     27   2931      0     17      0     61      0      0      0   0.00   0.00      0   0.00 2464.9  0.000 8190.9  0.000      0      0      0      0      0      5.000    8.450  0.000
03/30/2006   5074     18   4880    176     22   2421      0     32      0     79      0      0      0   0.00   0.00      0   0.00 2468.0  0.000 8145.6  0.000      0      0      0      0      0      5.000    9.245  0.000
03/31/2006   5555     23   5286    246     17   1940      0     53      0    105      0      0      0   0.00   0.00      0   0.00 2456.4  0.000 8094.5  0.000      0      0      0      0      0      5.000    9.525  0.350
04/01/2006   5948     28   5575    345     12   1554      0     75      0    156      0      0      0   0.00   0.00      0   0.00 2470.5  0.000 8045.8  0.000      0      0      0      0      0      5.000   11.090  0.000
04/02/2006   6245     33   5759    453      7   1265      0    105      0    230      0      0      0   0.00   0.00      0   0.00 2492.1  0.000 7996.7  0.000      0      0      0      0      0      5.000   11.510  0.000
04/03/2006   6475     38   5892    545      2   1051      0    142      0    323      0      0      0   0.00   0.00      0   0.00 2520.1  0.000 7947.5  0.000      0      0      0      0      0      5.000   11.825  0.000
04/04/2006   6641     40   5971    630      0    902      0    202      0    435      0      0      0   0.00   0.00      0   0.00 2554.3  0.000 7898.4  0.000      0      0      0      0      0      5.000   13.665  0.000
04/05/2006   6754     40   5999    715      0    783      0    287      0    512      0      0      0   0.00   0.00      0   0.00 2594.7  0.000 7849.8  0.000      0      0      0      0      0      5.000   11.375  0.000
04/06/2006   7018     40   6136    842      0    541      0    404      0    580      0      0      0   0.00   0.00      0   0.00 2644.2  0.000 7801.3  0.000      0      0      0      0      0      5.000   11.625  0.000
04/07/2006   7154     40   6131    983      0    438      0    558      0    650      0      0      0   0.00   0.00      0   0.00 2628.5  0.000 7739.8  0.000      0      0      0      0      0      5.000   12.875  0.675
04/08/2006   7261     40   6095   1126      0    379      0    694      0    768      0      0      0   0.00   0.00      0   0.00 2612.4  0.000 7677.6  0.000      0      0      0      0      0      5.000   13.675  0.350
04/09/2006   7358     40   6066   1252      0    341      0    828      0    871      0      0      0   0.00   0.00      0   0.00 2690.1  0.000 7632.9  0.000      0      0      0      0      0      5.000   12.590  0.000
04/10/2006   7424     40   6024   1360      0    341      0    978      0    995      0      0      0   0.00   0.00      0   0.00 2776.0  0.000 7589.2  0.000      0      0      0      0      0      5.000   14.795  0.000
04/11/2006   7398     40   5876   1482      0    482      0   1139      0   1137      0      0      0   0.00   0.00      0   0.00 2872.0  0.000 7547.6  0.000      0      0      0      0      0      5.000   16.865  0.075
04/12/2006   7265     40   5669   1556      0    669      0   1264      0   1347      0      0      0   0.00   0.00      0   0.00 2972.2  0.000 7103.4  0.000      0      0      0      0      0      5.000   19.560  0.000
04/13/2006   7167     40   5349   1778      0    852      0   1461      0   1446      0      0      0   0.00   0.00      0   0.00 3092.7  0.000 7067.6  0.000      0      0      0      0      0      5.000   16.575  0.000
04/14/2006   7061     40   4914   2107      0   1059      0   1696      0   1548      0      0      0   0.00   0.00      0   0.00 3238.3  0.000 7037.4  0.000      0      0      0      0      0      5.000   17.630  0.000
04/15/2006   7063     39   4583   2118      0   1313      0   1961      1   1689      0      0      0   0.00   0.00      0   0.00 3221.4  0.000 6512.3  0.000      0      0      0      0      0      5.000   20.160  0.250
04/16/2006   7072     37   4288   2121      0   1604      0   2139      4   1915      0      0      0   0.00   0.00      0   0.00 3205.9  0.000 6010.2  0.000      0      0      0      0      0      5.000   19.545  0.700
04/17/2006   7083     33   3873   2124      0   1901      0   2373      8   2077      0      0      0   0.00   0.00      0   0.00 3185.4  0.000 5949.2  0.000      0      0      0      0      0      5.000   17.880  0.500
04/18/2006   7102     30   3422   2130      0   2260      1   2655     12   2124      0      0      0   0.00   0.00      0   0.00 3164.7  0.000 5888.0  0.000      0      0      0      0      0      5.000   16.130  0.300
04/19/2006   7031     27   3009   2109      0   2680      4   2917     17   2208      0      0      0   0.00   0.00      0   0.00 3307.3  0.000 5858.1  0.000      0      0      0      0      0      5.000   16.960  0.000
04/20/2006   6974     22   2532   2092      0   3169      8   3103     22   2319      0      0      0   0.00   0.00      0   0.00 3448.6  0.000 5828.3  0.000      0      0      0      0      0      5.000   16.735  0.000
04/21/2006   6904     17   2098   2071      0   3601     13   3333     28   2435      0      0      0   0.00   0.00      0   0.00 3587.8  0.000 5798.7  0.000      0      0      0      0      0      5.000   15.875  0.000
04/22/2006   6561     12   1785   1968      0   4072     21   3577     32   2489      0      0      0   0.00   0.00      0   0.00 3716.8  0.000 5770.0  0.000      0      0      0      0      0      5.000   15.545  0.000
04/23/2006   6663      7   1600   1998      0   4628     30   3733     37   2602      0      0      0   0.00   0.00      0   0.00 3692.1  0.000 5711.6  0.000      0      0      0      0      0      5.000   17.910  4.675
04/24/2006   6799      2   1516   2039      0   5193     41   3853     41   2705      0      0      0   0.00   0.00      0   0.00 3665.9  0.000 5652.3  0.000      0      0      0      0      0      5.000   17.175  7.875
04/25/2006   6984      0   1539   2095      1   5714     52   3989     43   2711      0      0      0   0.00   0.00      0   0.00 3638.2  0.000 5591.9  0.000      0      0      0      0      0      5.000   14.810  0.625
04/26/2006   7026      0   1582   2107      4   6240     63   4211     44   2630      0      0      0   0.00   0.00      0   0.00 3772.7  0.000 5562.0  0.000      0      0      0      0      0      5.000   14.610  0.000
04/27/2006   7086      0   1525   2125      8   6821     74   4350     46   2642      0      0      0   0.00   0.00      0   0.00 3907.3  0.000 5531.9  0.000      0      0      0      0      0      5.000   16.725  0.000
04/28/2006   7195      0   1646   2158     13   7383     83   4381     49   2712      0      0      0   0.00   0.00      0   0.00 4043.2  0.000 5501.6  0.000      0      0      0      0      0      5.000   16.010  0.000
04/29/2006   7497      0   1841   2249     21   7907     90   4406     50   2739      0      0      0   0.00   0.00      0   0.00 4009.7  0.000 5438.0  0.000      0      0      0      0      0      5.000   15.065  0.825
04/30/2006   7809      0   2040   2342     30   8439     98   4503     53   2862      0      0      0   0.00   0.00      0   0.00 3982.1  0.000 4719.5  0.000      0      0      0      0      0      5.000   19.465  2.700
05/01/2006   8190      0   2314   2457     41   8990    104   4491     54   2902      0      0      0   0.00   0.00      0   0.00 3944.1  0.000 4651.6  0.000      0      0      0      0      0      5.000   16.610  3.350
05/02/2006   8634      0   2758   2590     53   9475    108   4440     55   2923      0      0      0   0.00   0.00      0   0.00 3912.0  0.000 4581.0  0.000      0      0      0      0      0      5.000   15.055  1.000
05/03/2006   8949      0   3280   2684     67   9803    114   4654     53   2788      0      0      0   0.00   0.00      0   0.00 4086.1  0.000 4546.7  0.000      0      0      0      0      0      5.000   15.715  0.000
05/04/2006   9108      0   3759   2732     82  10174    117   4763     53   2751      0      0      0   0.00   0.00      0   0.00 4263.5  0.000 4512.0  0.000      0      0      0      0      0      5.000   15.935  0.000
05/05/2006   7674      0   4303   2302     96  10569    120   4721     53   2736      0      0      0   0.00   0.00      0   0.00 4413.5  0.000 4480.6  0.000      0      0      0      0      0      5.000   15.555  0.000
05/06/2006   7900      0   4963   2370    111  10826    123   4730     44   2610      0      0      0   0.00   0.00      0   0.00 4555.7  0.000 3789.0  0.000      0      0      0      0      0      5.000   18.415  0.000
05/07/2006   8096      0   5658   2428    128  10998    124   4775     33   2529      0      0      0   0.00   0.00      0   0.00 4699.1  0.000 3052.0  0.000      0      0      0      0      0      5.000   22.045  0.000
05/08/2006   8804      0   6351   2453    145  11354    124   4595     20   2396      0      0      0   0.00   0.00      0   0.00 4653.4  0.000 2100.9  0.000      0      0      0      0      0      5.000   21.595  1.775
05/09/2006   9515      1   7039   2475    160  11604    117   4438     15   2303      0      0      0   0.00   0.00      0   0.00 4604.6  0.000 1084.6  0.000      0      0      0      0      0      5.000   19.730  5.575
05/10/2006  10308      4   7805   2499    177  11713    104   4381     12   2119      0      0      0   0.00   0.00      0   0.00 4568.6  0.000 1004.3  0.000      0      0      0      0      0      5.000   17.555  3.875
05/11/2006  11131      8   8591   2532    191  11823     90   4203     12   2082      0      0      0   0.00   0.00      0   0.00 4512.6  0.000    0.0  0.000      0      0      0      0      0      5.000   19.540  2.250
05/12/2006  11480     13   9369   2098    203  11920     77   3990     13   2079      0      0      0   0.00   0.00      0   0.00 4615.4  0.000    0.0  0.000      0      0      0      0      0      5.000   19.090  0.075
05/13/2006  12332     21  10138   2173    213  11960     63   3764     11   2066      0      0      0   0.00   0.00      0   0.00 4554.5  0.000    0.0  0.000      0      0      0      0      0      5.000   19.525  0.700
05/14/2006  12204     30  10963   1211    222  11831     49   3675      9   1981      0      0      0   0.00   0.00      0   0.00 4584.6  0.000    0.0  0.000      0      0      0      0      0      5.000   18.295  0.000
05/15/2006  13003     41  11751   1211    228  11744     37   3540      4   1691      0      0      0   0.00   0.00      0   0.00 4653.0  0.000    0.0  0.000      0      0      0      0      0      5.000   17.270  0.000
05/16/2006  13599     53  12414   1132    225  11645     30   3434      2   1464      0      0      0   0.00   0.00      0   0.00 4714.1  0.000    0.0  0.000      0      0      0      0      0      5.000   17.325  0.000
05/17/2006  14464     67  13081   1316    218  11504     25   3353      0   1243      0      0      0   0.00   0.00      0   0.00 4686.0  0.000    0.0  0.000      0      0      0      0      0      5.000   17.915  1.150
05/18/2006  14957     82  13813   1062    207  11221     21   3112      0   1265      0      0      0   0.00   0.00      0   0.00 4738.8  0.000    0.0  0.000      0      0      0      0      0      5.000   17.170  0.000
05/19/2006  15891     96  14476   1319    197  11015     17   2816      0   1260      0      0      0   0.00   0.00      0   0.00 4665.0  0.000    0.0  0.000      0      0      0      0      0      5.000   19.515  5.875
05/20/2006  16784    111  15052   1621    186  10844     13   2517      0   1328      0      0      0   0.00   0.00      0   0.00 4589.5  0.000    0.0  0.000      0      0      0      0      0      5.000   19.245 19.450
05/21/2006  17865    128  15804   1933    173  10425      9   2311      0   1296      0      0      0   0.00   0.00      0   0.00 4552.3  0.000    0.0  0.000      0      0      0      0      0      5.000   12.960  4.450
05/22/2006  18842    145  16383   2314    161  10094      4   2095      0   1361      0      0      0   0.00   0.00      0   0.00 4690.2  0.000    0.0  0.000      0      0      0      0      0      5.000   13.850  0.000
05/23/2006  19756    161  16838   2757    147   9612      2   2154      2   1417      0      0      0   0.00   0.00      0   0.00 4859.6  0.000    0.0  0.000      0      0      0      0      0      5.000   13.905  0.000
05/24/2006  20705    181  17245   3279    129   9101      0   2143      7   1616      0      0      0   0.00   0.00      0   0.00 4813.8  0.000    0.0  0.000      0      0      0      0      0      5.000   14.530  0.425
05/25/2006  21646    199  17688   3759    111   8586      0   2213     16   1914      0      0      0   0.00   0.00      0   0.00 4765.2  0.000    0.0  0.000      0      0      0      0      0      5.000   17.990  1.875
05/26/2006  22547    216  18026   4305     94   8141      2   2306     27   2258      0      0      0   0.00   0.00      0   0.00 4679.4  0.000    0.0  0.000      0      0      0      0      0      5.000   19.450  0.925
05/27/2006  23368    234  18166   4968     76   7751      7   2499     39   2598      0      0      0   0.00   0.00      0   0.00 4592.3  0.000    0.0  0.000      0      0      0      0      0      5.000   19.815  1.175
05/28/2006  24228    252  18302   5674     58   7385     16   2799     53   2938      0      0      0   0.00   0.00      0   0.00 4504.3  0.000    0.0  0.000      0      0      0      0      0      5.000   23.155  1.550
05/29/2006  24996    269  18345   6382     41   7041     29   3268     68   3227      0      0      0   0.00   0.00      0   0.00 4415.5  0.000    0.0  0.000      0      0      0      0      0      5.000   22.620  8.650
05/30/2006  25714    277  18345   7092     32   6809     46   3736     80   3422      0      0      0   0.00   0.00      0   0.00 4326.1  0.000    0.0  0.000      0      0      0      0      0      5.000   20.255  1.450
05/31/2006  26376    281  18213   7882     25   6683     69   4320     90   3452      0      0      0   0.00   0.00      0   0.00 4236.9  0.000    0.0  0.000      0      0      0      0      0      5.000   19.155  5.225
06/01/2006  27090    281  18108   8127     21   6575     97   4879     95   3348      0      0      0   0.00   0.00      0   0.00 4156.4  0.000    0.0  0.000      0      0      0      0      0      5.000   16.205  2.000
06/02/2006  27796    280  17989   8338     19   6644    124   5244    100   3252      0      0      0   0.00   0.00      0   0.00 4073.2  0.000    0.0  0.000      0      0      0      0      0      5.000   15.100  1.375
06/03/2006  28437    276  17790   8531     20   6875    152   5514    106   3227      0      0      0   0.00   0.00      0   0.00 3987.4  0.000    0.0  0.000      0      0      0      0      0      5.000   15.855  0.300
06/04/2006  29061    271  17487   8718     25   7192    176   5629    112   3213      0      0      0   0.00   0.00      0   0.00 3899.2  0.000    0.0  0.000      0      0      0      0      0      5.000   13.920  1.200
06/05/2006  29472    265  16975   8841     33   7891    197   5558    122   3310      0      0      0   0.00   0.00      0   0.00 3810.2  0.000    0.0  0.000      0      0      0      0      0      5.000   14.995  0.375
06/06/2006  29878    255  16543   8963     48   8638    219   5514    132   3395      0      0      0   0.00   0.00      0   0.00 4411.6  0.000    0.0  0.000      0      0      0      0      0      5.000   15.560  0.000
06/07/2006  30274    243  16100   9082     69   9371    235   5420    149   3661      0      0      0   0.00   0.00      0   0.00 4320.5  0.000    0.0  0.000      0      0      0      0      0      5.000   16.970  0.500
06/08/2006  30698    228  15598   9209     97  10078    251   5416    156   3682      0      0      0   0.00   0.00      0   0.00 4226.5  0.000    0.0  0.000      0      0      0      0      0      5.000   14.040  1.450
06/09/2006  31094    214  15091   9328    126  10726    271   5561    171   3898      0      0      0   0.00   0.00      0   0.00 4850.4  0.000    0.0  0.000      0      0      0      0      0      5.000   17.900  0.000
06/10/2006  31450    199  14689   9435    159  11295    294   5829    188   4162      0      0      0   0.00   0.00      0   0.00 5489.0  0.000    0.0  0.000      0      0      0      0      0      5.000   20.265  0.000
06/11/2006  31717    182  14032   9515    192  12009    312   5871    222   4770      0      0      0   0.00   0.00      0   0.00 6134.7  0.000    0.0  0.000      0      0      0      0      0      5.000   23.830  0.000
06/12/2006  32071    165  13550   9621    226  12578    342   6246    247   5157      0      0      0   0.00   0.00      0   0.00 6788.4  0.000    0.0  0.000      0      0      0      0      0      5.000   24.030  0.000
06/13/2006  32446    149  13183   9733    265  13188    376   6681    267   5421      0      0      0   0.00   0.00      0   0.00 7450.2  0.000    0.0  0.000      0      0      0      0      0      5.000   24.175  0.000
06/14/2006  32661    129  12860   9798    304  13788    422   7246    278   5498      0      0      0   0.00   0.00      0   0.00 8116.4  0.000    0.0  0.000      0      0      0      0      0      5.000   23.875  0.150
06/15/2006  32339    111  12713   9701    348  14325    467   7742    288   5577      0      0      0   0.00   0.00      0   0.00 8773.8  0.000    0.0  0.000      0      0      0      0      0      5.000   24.415  0.000
06/16/2006  33200     96  12705   9960    395  14612    511   8420    293   5624      0      0      0   0.00   0.00      0   0.00 8681.8  0.000    0.0  0.000      0      0      0      0      0      5.000   24.505  6.025
06/17/2006  33752     83  12848  10125    446  15088    551   8846    288   5504      0      0      0   0.00   0.00      0   0.00 9361.8  0.000    0.0  0.000      0      0      0      0      0      5.000   20.765  0.000
06/18/2006  24940     74  13122   7482    488  15549    599   9157    293   5563      0      0      0   0.00   0.00      0   0.00 9849.6  0.000    0.0  0.000      0      0      0      0      0      5.000   25.045  0.000
06/19/2006  23459     70  13536   7037    539  16155    633   9274    261   5287      0      0      0   0.00   0.00      0   0.00 10301.7  0.000    0.0  0.000      0      0      0      0      0      5.000   24.665  0.000
06/20/2006  23688     78  13967   7106    595  16823    651   9193    226   5098      0      0      0   0.00   0.00      0   0.00 10755.0  0.000    0.0  0.000      0      0      0      0      0      5.000   25.335  0.000
06/21/2006  23972     94  14455   7191    657  17518    670   9299    179   4721      0      0      0   0.00   0.00      0   0.00 11210.6  0.000    0.0  0.000      0      0      0      0      0      5.000   26.715  0.000
06/22/2006  23993    118  14802   7197    718  18305    647   9063    171   4719      0      0      0   0.00   0.00      0   0.00 11663.7  0.000    0.0  0.000      0      0      0      0      0      5.000   28.625  0.000
06/23/2006  24103    143  15140   7230    782  19148    610   8714    172   4800      0      0      0   0.00   0.00      0   0.00 12116.8  0.000    0.0  0.000      0      0      0      0      0      5.000   29.905  0.000
06/24/2006  24354    172  15616   7306    845  19915    571   8396    168   4754      0      0      0   0.00   0.00      0   0.00 12573.0  0.000    0.0  0.000      0      0      0      0      0      5.000   26.925  0.000
06/25/2006  25430    201  16034   7629    911  20596    530   8278    161   4643      0      0      0   0.00   0.00      0   0.00 12465.3  0.000    0.0  0.000      0      0      0      0      0      5.000   26.600  0.550
06/26/2006  26601    230  16759   7980    975  21401    489   7951    160   4598      0      0      0   0.00   0.00      0   0.00 12355.8  0.000    0.0  0.000      0      0      0      0      0      5.000   27.850  1.375
06/27/2006  27844    267  17547   8353   1027  21807    451   7863    163   4626      0      0      0   0.00   0.00      0   0.00 12243.1  0.000    0.0  0.000      0      0      0      0      0      5.000   26.250  0.550
06/28/2006  28265    304  18452   8479   1092  22033    398   7823    167   4604      0      0      0   0.00   0.00      0   0.00 12779.1  0.000    0.0  0.000      0      0      0      0      0      5.000   23.375  0.000
06/29/2006  27665    348  19176   8141   1114  22440    388   7828    162   4432      0      0      0   0.00   0.00      0   0.00 13290.1  0.000    0.0  0.000      0      0      0      0      0      5.000   22.170  0.000
06/30/2006  29136    397  20185   8554   1121  22628    388   7770    148   4173      0      0      0   0.00   0.00      0   0.00 13172.9  0.000    0.0  0.000      0      0      0      0      0      5.000   21.360  0.475
07/01/2006  30769    453  21286   9030   1122  22671    386   7627    138   4045      0      0      0   0.00   0.00      0   0.00 13051.1  0.000    0.0  0.000      0      0      0      0      0      5.000   22.195  1.350
07/02/2006  31788    504  22650   8634   1129  22424    379   7506    135   4033      0      0      0   0.00   0.00      0   0.00 13586.3  0.000    0.0  0.000      0      0      0      0      0      5.000   22.560  0.000
07/03/2006  33661    568  23981   9112   1122  22114    364   7300    139   4109      0      0      0   0.00   0.00      0   0.00 13452.2  0.000    0.0  0.000      0      0      0      0      0      5.000   22.605  3.825
07/04/2006  35575    641  25290   9644   1102  21848    356   7074    137   3998      0      0      0   0.00   0.00      0   0.00 13311.6  0.000    0.0  0.000      0      0      0      0      0      5.000   18.800  7.725
07/05/2006  37508    726  26532  10250   1068  21552    353   6913    126   3644      0      0      0   0.00   0.00      0   0.00 13223.3  0.000    0.0  0.000      0      0      0      0      0      5.000   14.320  2.975
07/06/2006  39485    815  27644  11026   1035  21141    343   6805    128   3582      0      0      0   0.00   0.00      0   0.00 13069.7  0.000    0.0  0.000      0      0      0      0      0      5.000   19.115  2.575
07/07/2006  40622    906  28656  11060    998  20656    330   6640    143   3854      0      0      0   0.00   0.00      0   0.00 13759.4  0.000    0.0  0.000      0      0      0      0      0      5.000   22.970  0.000
07/08/2006  42441    997  29438  12006    957  20221    312   6384    168   4437      0      0      0   0.00   0.00      0   0.00 13595.7  0.000    0.0  0.000      0      0      0      0      0      5.000   25.935  1.725
07/09/2006  44478   1087  30269  13122    909  19623    309   6342    182   4670      0      0      0   0.00   0.00      0   0.00 13424.5  0.000    0.0  0.000      0      0      0      0      0      5.000   22.625  3.150
07/10/2006  46175   1172  30716  13852    853  19402    325   6461    192   4785      0      0      0   0.00   0.00      0   0.00 13249.7  0.000    0.0  0.000      0      0      0      0      0      5.000   23.540  1.325
07/11/2006  47788   1246  31114  14336    807  19232    342   6712    198   4730      0      0      0   0.00   0.00      0   0.00 13073.2  0.000    0.0  0.000      0      0      0      0      0      5.000   21.190  0.400
07/12/2006  48688   1327  31538  14606    751  18900    356   7014    199   4590      0      0      0   0.00   0.00      0   0.00 14076.5  0.000    0.0  0.000      0      0      0      0      0      5.000   17.370  0.000
07/13/2006  50336   1365  32087  15100    731  18327    378   7602    192   4313      0      0      0   0.00   0.00      0   0.00 13950.1  0.000    0.0  0.000      0      0      0      0      0      5.000   16.285  0.200
07/14/2006  51273   1392  32662  15381    718  18014    403   7860    190   4155      0      0      0   0.00   0.00      0   0.00 15006.3  0.000    0.0  0.000      0      0      0      0      0      5.000   16.810  0.000
07/15/2006  52163   1416  33065  15648    698  18000    429   7750    193   4166      0      0      0   0.00   0.00      0   0.00 16080.2  0.000    0.0  0.000      0      0      0      0      0      5.000   16.745  0.000
07/16/2006  52973   1441  33517  15891    688  18121    442   7478    207   4403      0      0      0   0.00   0.00      0   0.00 17117.8  0.000    0.0  0.000      0      0      0      0      0      5.000   19.530  0.000
07/17/2006  53864   1464  33950  16159    689  18086    450   7345    226   4792      0      0      0   0.00   0.00      0   0.00 18175.8  0.000    0.0  0.000      0      0      0      0      0      5.000   23.560  0.000
07/18/2006  53321   1478  34296  15996    698  18159    454   7131    246   5185      0      0      0   0.00   0.00      0   0.00 19223.8  0.000    0.0  0.000      0      0      0      0      0      5.000   23.455  0.000
07/19/2006  54810   1490  34460  16443    709  18247    467   7151    244   5192      0      0      0   0.00   0.00      0   0.00 19045.1  0.000    0.0  0.000      0      0      0      0      0      5.000   19.710  5.375
07/20/2006  55817   1502  34700  16745    721  18244    484   7547    226   4792      0      0      0   0.00   0.00      0   0.00 20192.5  0.000    0.0  0.000      0      0      0      0      0      5.000   15.890  0.000
07/21/2006  57117   1509  34571  17135    733  18299    502   8003    222   4691      0      0      0   0.00   0.00      0   0.00 20012.6  0.000    0.0  0.000      0      0      0      0      0      5.000   20.765  0.300
07/22/2006  57137   1508  34343  17141    741  18357    512   8188    242   4977      0      0      0   0.00   0.00      0   0.00 21148.5  0.000    0.0  0.000      0      0      0      0      0      5.000   23.520  0.000
07/23/2006  55729   1508  33963  16718    751  18377    518   8173    268   5469      0      0      0   0.00   0.00      0   0.00 22254.4  0.000    0.0  0.000      0      0      0      0      0      5.000   23.590  0.000
07/24/2006  51832   1486  33523  15549    775  18593    534   8291    275   5607      0      0      0   0.00   0.00      0   0.00 23277.8  0.000    0.0  0.000      0      0      0      0      0      5.000   23.160  0.000
07/25/2006  50835   1458  32920  15250    796  19151    561   8373    253   5349      0      0      0   0.00   0.00      0   0.00 24281.7  0.000    0.0  0.000      0      0      0      0      0      5.000   20.650  0.000
07/26/2006  50790   1421  32109  15237    823  19918    579   8457    238   5254      0      0      0   0.00   0.00      0   0.00 25288.0  0.000    0.0  0.000      0      0      0      0      0      5.000   24.645  0.000
07/27/2006  50933   1378  31528  15279    862  20203    583   8706    235   5379      0      0      0   0.00   0.00      0   0.00 26298.9  0.000    0.0  0.000      0      0      0      0      0      5.000   28.600  0.150
07/28/2006  52393   1328  31150  15717    905  20089    568   8930    250   5689      0      0      0   0.00   0.00      0   0.00 26133.9  0.000    0.0  0.000      0      0      0      0      0      5.000   26.795  0.750
07/29/2006  52907   1269  31042  15872    941  20172    573   9020    263   5872      0      0      0   0.00   0.00      0   0.00 27184.5  0.000    0.0  0.000      0      0      0      0      0      5.000   26.465  0.000
07/30/2006  53254   1218  30635  15976    960  20510    592   9108    267   5850      0      0      0   0.00   0.00      0   0.00 28241.2  0.000    0.0  0.000      0      0      0      0      0      5.000   25.230  0.000
07/31/2006  52320   1178  30648  15696    984  20773    596   9150    271   5844      0      0      0   0.00   0.00      0   0.00 29276.8  0.000    0.0  0.000      0      0      0      0      0      5.000   24.275  0.000
08/01/2006  51271   1149  30674  15381   1015  21049    594   9285    267   5777      0      0      0   0.00   0.00      0   0.00 30289.4  0.000    0.0  0.000      0      0      0      0      0      5.000   24.450  0.000
08/02/2006  51052   1107  30504  15315   1046  21269    591   9609    262   5763      0      0      0   0.00   0.00      0   0.00 31296.5  0.000    0.0  0.000      0      0      0      0      0      5.000   25.640  0.000
08/03/2006  50631   1109  30242  15189   1067  21714    592   9740    261   5852      0      0      0   0.00   0.00      0   0.00 32294.2  0.000    0.0  0.000      0      0      0      0      0      5.000   27.840  0.000
08/04/2006  50241   1121  30029  15072   1070  22273    608   9683    264   6003      0      0      0   0.00   0.00      0   0.00 33282.6  0.000    0.0  0.000      0      0      0      0      0      5.000   29.395  0.000
08/05/2006  49817   1127  29916  14945   1085  22792    615   9683    264   6036      0      0      0   0.00   0.00      0   0.00 34259.9  0.000    0.0  0.000      0      0      0      0      0      5.000   26.760  0.000
08/06/2006  49557   1130  30002  14867   1110  23183    618   9720    250   5793      0      0      0   0.00   0.00      0   0.00 35230.6  0.000    0.0  0.000      0      0      0      0      0      5.000   22.505  0.000
08/07/2006  47586   1139  30223  14275   1130  23331    622   9836    233   5512      0      0      0   0.00   0.00      0   0.00 36157.8  0.000    0.0  0.000      0      0      0      0      0      5.000   22.885  0.000
08/08/2006  47675   1152  30475  14302   1155  23451    616   9875    218   5359      0      0      0   0.00   0.00      0   0.00 37085.9  0.000    0.0  0.000      0      0      0      0      0      5.000   25.205  0.000
08/09/2006  47344   1176  30590  14203   1170  23768    601   9736    211   5368      0      0      0   0.00   0.00      0   0.00 38006.4  0.000    0.0  0.000      0      0      0      0      0      5.000   24.615  0.000
08/10/2006  47157   1205  30583  14147   1175  24302    584   9585    202   5294      0      0      0   0.00   0.00      0   0.00 38923.6  0.000    0.0  0.000      0      0      0      0      0      5.000   23.235  0.000
08/11/2006  47351   1235  30993  14205   1176  24612    567   9382    196   5216      0      0      0   0.00   0.00      0   0.00 39844.3  0.000    0.0  0.000      0      0      0      0      0      5.000   24.040  0.000
08/12/2006  49247   1253  31522  14774   1188  24794    550   9101    196   5306      0      0      0   0.00   0.00      0   0.00 39670.8  0.000    0.0  0.000      0      0      0      0      0      5.000   27.975  1.500
08/13/2006  49581   1269  32019  14874   1210  24869    525   8843    194   5274      0      0      0   0.00   0.00      0   0.00 40635.5  0.000    0.0  0.000      0      0      0      0      0      5.000   21.895  0.000
08/14/2006  49852   1309  32491  14955   1218  24798    499   8805    193   5256      0      0      0   0.00   0.00      0   0.00 41603.6  0.000    0.0  0.000      0      0      0      0      0      5.000   22.885  0.000
08/15/2006  49900   1357  32873  14970   1210  24957    482   8895    186   5067      0      0      0   0.00   0.00      0   0.00 42571.3  0.000    0.0  0.000      0      0      0      0      0      5.000   22.315  0.000
08/16/2006  50214   1402  33629  15064   1192  24974    469   8758    185   5111      0      0      0   0.00   0.00      0   0.00 43545.5  0.000    0.0  0.000      0      0      0      0      0      5.000   23.435  0.000
08/17/2006  50724   1445  34288  14991   1176  24787    459   8693    176   4972      0      0      0   0.00   0.00      0   0.00 44512.9  0.000    0.0  0.000      0      0      0      0      0      5.000   20.730  0.000
08/18/2006  51107   1473  34708  14926   1175  24562    450   8668    169   4888      0      0      0   0.00   0.00      0   0.00 45473.9  0.000    0.0  0.000      0      0      0      0      0      5.000   21.275  0.000
08/19/2006  51572   1514  35064  14994   1165  24318    443   8653    164   4854      0      0      0   0.00   0.00      0   0.00 46437.1  0.000    0.0  0.000      0      0      0      0      0      5.000   23.225  0.000
08/20/2006  53554   1552  35468  16066   1143  24243    433   8359    166   4973      0      0      0   0.00   0.00      0   0.00 46245.0  0.000    0.0  0.000      0      0      0      0      0      5.000   23.430  0.400
08/21/2006  54029   1580  35767  16208   1121  23992    423   8282    169   5041      0      0      0   0.00   0.00      0   0.00 47294.0  0.000    0.0  0.000      0      0      0      0      0      5.000   21.635  0.000
08/22/2006  54564   1609  36111  16369   1098  23797    411   8251    169   5030      0      0      0   0.00   0.00      0   0.00 48354.0  0.000    0.0  0.000      0      0      0      0      0      5.000   21.695  0.000
08/23/2006  53880   1637  36641  15602   1070  23547    405   8265    171   5060      0      0      0   0.00   0.00      0   0.00 49356.3  0.000    0.0  0.000      0      0      0      0      0      5.000   22.690  0.000
08/24/2006  54524   1659  37306  15559   1043  23251    399   8212    172   5203      0      0      0   0.00   0.00      0   0.00 50353.9  0.000    0.0  0.000      0      0      0      0      0      5.000   25.645  0.000
08/25/2006  55234   1678  37959  15597   1017  22766    394   8309    169   5208      0      0      0   0.00   0.00      0   0.00 51350.7  0.000    0.0  0.000      0      0      0      0      0      5.000   22.570  0.000
08/26/2006  57219   1700  38511  17008    993  22399    391   8437    160   5049      0      0      0   0.00   0.00      0   0.00 51147.1  0.000    0.0  0.000      0      0      0      0      0      5.000   20.230  1.900
08/27/2006  57779   1728  38696  17333    958  22312    395   8561    155   4886      0      0      0   0.00   0.00      0   0.00 52273.2  0.000    0.0  0.000      0      0      0      0      0      5.000   20.920  0.000
08/28/2006  58545   1752  38679  17563    922  22227    394   8544    157   4929      0      0      0   0.00   0.00      0   0.00 53416.5  0.000    0.0  0.000      0      0      0      0      0      5.000   22.215  0.000
08/29/2006  59067   1771  38685  17720    893  22081    387   8445    170   5280      0      0      0   0.00   0.00      0   0.00 54571.4  0.000    0.0  0.000      0      0      0      0      0      5.000   26.195  0.000
08/30/2006  59336   1771  38872  17800    874  21974    384   8417    182   5665      0      0      0   0.00   0.00      0   0.00 55732.1  0.000    0.0  0.000      0      0      0      0      0      5.000   28.905  0.000
08/31/2006  61029   1759  39181  18308    858  21993    382   8413    189   5901      0      0      0   0.00   0.00      0   0.00 55526.2  0.000    0.0  0.000      0      0      0      0      0      5.000   26.735  1.525
09/01/2006  59585   1743  39210  17875    844  22068    388   8522    191   5957      0      0      0   0.00   0.00      0   0.00 56695.7  0.000    0.0  0.000      0      0      0      0      0      5.000   26.030  0.000
09/02/2006  59824   1738  39201  17947    834  21876    395   8874    182   5746      0      0      0   0.00   0.00      0   0.00 57870.8  0.000    0.0  0.000      0      0      0      0      0      5.000   23.445  0.000
09/03/2006  59929   1735  38986  17978    828  21768    399   9265    173   5531      0      0      0   0.00   0.00      0   0.00 59049.3  0.000    0.0  0.000      0      0      0      0      0      5.000   21.715  0.000
09/04/2006  60225   1717  38859  18067    817  21698    410   9593    156   5113      0      0      0   0.00   0.00      0   0.00 60234.8  0.000    0.0  0.000      0      0      0      0      0      5.000   18.180  0.000
09/05/2006  60532   1692  38919  18159    798  21738    417   9691    151   4975      0      0      0   0.00   0.00      0   0.00 61427.6  0.000    0.0  0.000      0      0      0      0      0      5.000   20.170  0.000
09/06/2006  59400   1661  38843  17820    789  21937    417   9516    149   4931      0      0      0   0.00   0.00      0   0.00 62596.6  0.000    0.0  0.000      0      0      0      0      0      5.000   20.335  0.000
09/07/2006  59364   1635  38452  17809    781  22391    409   9041    146   4903      0      0      0   0.00   0.00      0   0.00 63820.5  0.000    0.0  0.000      0      0      0      0      0      5.000   17.825  0.000
09/08/2006  59154   1625  38118  17746    782  22751    398   8765    144   4960      0      0      0   0.00   0.00      0   0.00 64987.0  0.000    0.0  0.000      0      0      0      0      0      5.000   21.485  0.000
09/09/2006  59016   1608  37825  17704    786  23040    384   8490    138   4852      0      0      0   0.00   0.00      0   0.00 66151.6  0.000    0.0  0.000      0      0      0      0      0      5.000   19.155  0.125
09/10/2006  57690   1576  37575  17307    794  23164    366   8198    136   4847      0      0      0   0.00   0.00      0   0.00 67288.7  0.000    0.0  0.000      0      0      0      0      0      5.000   18.295  0.000
09/11/2006  57619   1544  37315  17285    804  23241    351   8194    127   4656      0      0      0   0.00   0.00      0   0.00 68425.1  0.000    0.0  0.000      0      0      0      0      0      5.000   19.630  0.000
09/12/2006  57378   1509  37078  17213    804  23123    340   8229    119   4487      0      0      0   0.00   0.00      0   0.00 69607.2  0.000    0.0  0.000      0      0      0      0      0      5.000   17.675  0.000
09/13/2006  57180   1475  36872  17154    801  23079    329   8070    116   4529      0      0      0   0.00   0.00      0   0.00 70735.0  0.000    0.0  0.000      0      0      0      0      0      5.000   20.805  0.000
09/14/2006  57113   1442  36666  17133    791  22969    322   7919    114   4492      0      0      0   0.00   0.00      0   0.00 71861.3  0.000    0.0  0.000      0      0      0      0      0      5.000   20.215  0.000
09/15/2006  58759   1411  36283  17627    786  22818    308   7813    116   4621      0      0      0   0.00   0.00      0   0.00 71670.0  0.000    0.0  0.000      0      0      0      0      0      5.000   21.525  0.400
09/16/2006  60297   1384  35885  18089    779  22990    296   7639    116   4637      0      0      0   0.00   0.00      0   0.00 71477.3  0.000    0.0  0.000      0      0      0      0      0      5.000   21.680  0.450
09/17/2006  60290   1353  35759  18087    765  22935    290   7559    116   4612      0      0      0   0.00   0.00      0   0.00 72671.8  0.000    0.0  0.000      0      0      0      0      0      5.000   19.455  0.000
09/18/2006  60180   1316  35700  18054    761  22736    280   7587    107   4263      0      0      0   0.00   0.00      0   0.00 73904.6  0.000    0.0  0.000      0      0      0      0      0      5.000   14.830  0.000
09/19/2006  60094   1280  35806  18028    757  22366    274   7620     96   3840      0      0      0   0.00   0.00      0   0.00 75136.0  0.000    0.0  0.000      0      0      0      0      0      5.000   14.470  0.000
09/20/2006  62101   1258  36056  18630    746  21757    270   7684     82   3381      0      0      0   0.00   0.00      0   0.00 74970.2  0.000    0.0  0.000      0      0      0      0      0      5.000   12.730  0.250
09/21/2006  64039   1240  36307  19211    731  21364    260   7321     74   3109      0      0      0   0.00   0.00      0   0.00 74796.7  0.000    0.0  0.000      0      0      0      0      0      5.000   11.200  1.025
09/22/2006  64073   1232  36547  19221    706  20901    251   6968     68   2869      0      0      0   0.00   0.00      0   0.00 76105.3  0.000    0.0  0.000      0      0      0      0      0      5.000   11.050  0.000
09/23/2006  63912   1229  36496  19173    680  20632    236   6444     66   2821      0      0      0   0.00   0.00      0   0.00 77410.2  0.000    0.0  0.000      0      0      0      0      0      5.000   12.310  0.000
09/24/2006  63707   1227  36564  19112    656  20470    220   5793     66   2896      0      0      0   0.00   0.00      0   0.00 78710.6  0.000    0.0  0.000      0      0      0      0      0      5.000   13.095  0.000
09/25/2006  63337   1227  36404  19001    631  20400    203   5225     66   2997      0      0      0   0.00   0.00      0   0.00 80003.1  0.000    0.0  0.000      0      0      0      0      0      5.000   13.755  0.000
09/26/2006  63096   1215  36404  18928    614  19920    186   5002     67   3125      0      0      0   0.00   0.00      0   0.00 81290.5  0.000    0.0  0.000      0      0      0      0      0      5.000   15.830  0.000
09/27/2006  62854   1206  36384  18856    599  19379    170   4849     65   3098      0      0      0   0.00   0.00      0   0.00 82573.1  0.000    0.0  0.000      0      0      0      0      0      5.000   13.915  0.000
09/28/2006  64364   1190  36335  19309    582  18878    162   4841     63   3088      0      0      0   0.00   0.00      0   0.00 82395.7  0.000    0.0  0.000      0      0      0      0      0      5.000   14.980  0.375
09/29/2006  66091   1180  36476  19827    559  18069    157   5018     60   2974      0      0      0   0.00   0.00      0   0.00 82211.9  0.000    0.0  0.000      0      0      0      0      0      5.000   14.800  0.425
09/30/2006  61634   1170  36382  18490    532  17396    153   5078     60   3002      0      0      0   0.00   0.00      0   0.00 83471.1  0.000    0.0  0.000      0      0      0      0      0      5.000   15.245  0.000
10/01/2006  61375   1160  36209  18412    510  16852    151   5108     58   3026      0      0      0   0.00   0.00      0   0.00 84725.0  0.000    0.0  0.000      0      0      0      0      0      5.000   17.430  0.000
10/02/2006  61137   1155  36091  18341    483  16309    149   5096     56   3079      0      0      0   0.00   0.00      0   0.00 85942.1  0.000    0.0  0.000      0      0      0      0      0      5.000   18.475  0.000
10/03/2006  57252   1144  35839  17175    460  15906    147   5083     53   3106      0      0      0   0.00   0.00      0   0.00 87078.3  0.000    0.0  0.000      0      0      0      0      0      5.000   18.900  0.000
10/04/2006  57069   1130  35678  17120    440  15448    143   5009     46   2869      0      0      0   0.00   0.00      0   0.00 88248.0  0.000    0.0  0.000      0      0      0      0      0      5.000   14.670  0.000
10/05/2006  56692   1113  35380  17007    422  14915    139   5077     40   2687      0      0      0   0.00   0.00      0   0.00 89409.9  0.000    0.0  0.000      0      0      0      0      0      5.000   17.055  0.000
10/06/2006  56549   1094  35252  16964    408  14373    133   5101     34   2443      0      0      0   0.00   0.00      0   0.00 90568.9  0.000    0.0  0.000      0      0      0      0      0      5.000   15.735  0.000
10/07/2006  56395   1075  35266  16918    389  13785    124   4904     34   2542      0      0      0   0.00   0.00      0   0.00 90674.5  0.000    0.0  0.000      0      0      0      0      0      5.000   19.600  0.000
10/08/2006  56179   1055  35106  16853    371  13305    116   4762     33   2553      0      0      0   0.00   0.00      0   0.00 90778.6  0.000    0.0  0.000      0      0      0      0      0      5.000   19.965  0.000
10/09/2006  52477   1041  34586  15743    352  13136    107   4518     32   2578      0      0      0   0.00   0.00      0   0.00 90874.5  0.000    0.0  0.000      0      0      0      0      0      5.000   18.870  0.000
10/10/2006  53623   1031  33826  16086    333  13024     98   4367     28   2399      0      0      0   0.00   0.00      0   0.00 90734.2  0.000    0.0  0.000      0      0      0      0      0      5.000   17.825  0.625
10/11/2006  54633   1016  32822  16389    313  13030     91   4209     25   2317      0      0      0   0.00   0.00      0   0.00 90569.5  0.000    0.0  0.000      0      0      0      0      0      5.000   20.775  1.350
10/12/2006  55536    991  31794  16660    301  12896     83   4227     22   2249      0      0      0   0.00   0.00      0   0.00 90406.2  0.000    0.0  0.000      0      0      0      0      0      5.000   19.150  1.375
10/13/2006  56418    957  30738  16925    290  12842     73   4079     20   2022      0      0      0   0.00   0.00      0   0.00 90248.1  0.000    0.0  0.000      0      0      0      0      0      5.000   11.135  1.475
10/14/2006  57354    916  29897  17206    277  12652     70   4083     16   1644      0      0      0   0.00   0.00      0   0.00 90084.5  0.000    0.0  0.000      0      0      0      0      0      5.000    9.300  0.650
10/15/2006  56634    876  29159  16990    267  12542     65   3934     12   1274      0      0      0   0.00   0.00      0   0.00 90198.4  0.000 4849.0  0.000      0      0      0      0      0      5.000    8.460  0.000
10/16/2006  55915    834  28622  16774    256  12398     59   3548     10   1199      0      0      0   0.00   0.00      0   0.00 90309.4  0.000 4770.6  0.000      0      0      0      0      0      5.000   10.030  0.000
10/17/2006  55322    800  28047  16596    245  12105     52   3149     10   1250      0      0      0   0.00   0.00      0   0.00 90418.0  0.000 4692.4  0.000      0      0      0      0      0      5.000   12.350  0.000
10/18/2006  54595    769  27326  16378    234  11843     44   2809      9   1259      0      0      0   0.00   0.00      0   0.00 90523.9  0.000 4614.5  0.000      0      0      0      0      0      5.000   10.340  0.000
10/19/2006  55577    744  26807  16673    222  11627     37   2430      7   1133      0      0      0   0.00   0.00      0   0.00 90359.1  0.000 4368.9  0.000      0      0      0      0      0      5.000    7.770  1.375
10/20/2006  56540    716  26061  16962    206  11380     34   2150      3    833      0      0      0   0.00   0.00      0   0.00 90188.7  0.000 4121.1  0.000      0      0      0      0      0      5.000    4.240  0.000
10/21/2006  57513    685  25476  17253    194  10863     28   2046      1    614      0      0      0   0.00   0.00      0   0.00 90013.0  0.000 3871.1  0.000      0      0      0      0      0      5.000    4.490  2.125
10/22/2006  58520    661  24986  17556    181  10245     22   1919      0    467      0      0      0   0.00   0.00      0   0.00 89832.2  0.000 3618.9  0.000      0      0      0      0      0      5.000    3.980  0.000
10/23/2006  59535    632  24484  17860    166   9575     17   1709      0    431      0      0      0   0.00   0.00      0   0.00 89646.0  0.000 3364.4  0.000      0      0      0      0      0      5.000    3.900  0.000
10/24/2006  60541    607  24095  18162    150   8956     13   1461      0    346      0      0      0   0.00   0.00      0   0.00 89454.7  0.000 3107.6  0.000      0      0      0      0      0      5.000    2.415  0.000
10/25/2006  61311    583  23326  18393    135   8626     10   1136      0    336      0      0      0   0.00   0.00      0   0.00 89258.4  0.000 2849.2  0.000      0      0      0      0      0      5.000    4.685  0.750
10/26/2006  62151    561  22679  18645    120   8147      7    881      0    355      0      0      0   0.00   0.00      0   0.00 89057.2  0.000 2588.9  0.000      0      0      0      0      0      5.000    6.015  0.900
10/27/2006  62918    541  21917  18875    107   7646      3    674      0    417      0      0      0   0.00   0.00      0   0.00 88851.1  0.000 2327.0  0.000      0      0      0      0      0      5.000    6.435  0.400
10/28/2006  63783    513  21231  19134     98   6917      1    639      0    416      0      0      0   0.00   0.00      0   0.00 88640.1  0.000 2063.2  0.000      0      0      0      0      0      5.000    6.445  3.525
10/29/2006  64630    487  20620  19389     87   6208      0    622      0    393      0      0      0   0.00   0.00      0   0.00 88424.4  0.000 1797.6  0.000      0      0      0      0      0      5.000    7.100  1.225
10/30/2006  65414    459  20232  19624     76   5535      0    624      0    320      0      0      0   0.00   0.00      0   0.00 88204.8  0.000 1530.3  0.000      0      0      0      0      0      5.000    4.195  0.000
10/31/2006  66100    431  19790  19830     65   4949      0    624      0    260      0      0      0   0.00   0.00      0   0.00 87981.5  0.000 1261.5  0.000      0      0      0      0      0      5.000    4.965  0.000
11/01/2006  66825    404  19556  20047     54   4237      0    669      0    213      0      0      0   0.00   0.00      0   0.00 87754.7  0.000  991.3  0.000      0      0      0      0      0      5.000    6.930  0.000
11/02/2006  67509    384  19372  20252     44   3622      0    608      0    210      0      0      0   0.00   0.00      0   0.00 87524.8  0.000  719.6  0.000      0      0      0      0      0      5.000    7.300  3.850
11/03/2006  67935    363  18943  20380     37   3282      0    529      0    216      0      0      0   0.00   0.00      0   0.00 87292.2  0.000  401.6  0.000      0      0      0      0      0      5.000   11.990  8.625
11/04/2006  68291    347  18379  20487     29   3010      0    465      0    184      0      0      0   0.00   0.00      0   0.00 87057.0  0.000   82.4  0.000      0      0      0      0      0      5.000   10.015  3.150
11/05/2006  68608    332  17750  20582     22   2764      0    402      0    133      0      0      0   0.00   0.00      0   0.00 86819.1  0.000    0.0  0.000      0      0      0      0      0      5.000    5.180  0.000
11/06/2006  68961    315  17145  20688     17   2476      0    352      0     60      0      0      0   0.00   0.00      0   0.00 86578.5  0.000    0.0  0.000      0      0      0      0      0      5.000    3.600  0.000
11/07/2006  69364    297  16504  20809     13   2080      0    329      0     15      0      0      0   0.00   0.00      0   0.00 86335.0  0.000    0.0  0.000      0      0      0      0      0      5.000    4.230  0.000
11/08/2006  69684    278  15911  20905     10   1765      0    275      0      1      0      0      0   0.00   0.00      0   0.00 86088.9  0.000    0.0  0.000      0      0      0      0      0      5.000    4.740  0.000
11/09/2006  69907    259  15190  20972      7   1556      0    199      0      0      0      0      0   0.00   0.00      0   0.00 85840.4  0.000    0.0  0.000      0      0      0      0      0      5.000    6.590  0.000
11/10/2006  70007    240  14363  21002      3   1457      0    134      0      0      0      0      0   0.00   0.00      0   0.00 85589.7  0.000    0.0  0.000      0      0      0      0      0      5.000    8.210  0.300
11/11/2006  70108    222  13523  21032      1   1367      0     60      0      0      0      0      0   0.00   0.00      0   0.00 85336.8  0.000    0.0  0.000      0      0      0      0      0      5.000    2.865  0.000
11/12/2006  70182    203  12631  21054      0   1273      0     15      0      0      0      0      0   0.00   0.00      0   0.00 85081.8  0.000    0.0  0.000      0      0      0      0      0      5.000    2.735  1.300
11/13/2006  70243    183  11715  21072      0   1159      0      1      0      0      0      0      0   0.00   0.00      0   0.00 84824.6  0.000    0.0  0.000      0      0      0      0      0      5.000    3.175  6.125
11/14/2006  70255    163  10763  21076      0   1081      0      0      0      0      0      0      0   0.00   0.00      0   0.00 84565.4  0.000    0.0  0.000      0      0      0      0      0      5.000    3.070  0.000
11/15/2006  70318    145  10098  21095      0    952      0      0      0      0      0      0      0   0.00   0.00      0   0.00 84304.7  0.000    0.0  0.000      0      0      0      0      0      5.000    2.085 10.675
11/16/2006  70398    127   9383  21119      0    805      0      0      0      0      0      0      0   0.00   0.00      0   0.00 84042.1  0.000    0.0  0.000      0      0      0      0      0      5.000   -0.560  0.000
11/17/2006  70473    110   8737  21141      0    664      0      0      0      0      0      0      0   0.00   0.00      0   0.00 83777.9  0.000    0.0  0.000      0      0      0      0      0      5.000   -0.135  0.825
11/18/2006  70541     99   7972  21162      0    536      0      0      0      0      0      0      0   0.00   0.00      0   0.00 83511.9  0.000    0.0  0.000      0      0      0      0      0      5.000    5.500  3.525
11/19/2006  70604     87   7223  21181      0    412      0      0      0      0      0      0      0   0.00   0.00      0   0.00 83244.1  0.000    0.0  0.000      0      0      0      0      0      5.000    5.910  0.000
11/20/2006  70611     76   6479  21183      0    344      0      0      0      0      0      0      0   0.00   0.00      0   0.00 82974.7  0.000    0.0  0.000      0      0      0      0      0      5.000    3.895  1.925
11/21/2006  70618     65   5833  21185      0    276      0      0      0      0      0      0      0   0.00   0.00      0   0.00 82704.1  0.000    0.0  0.000      0      0      0      0      0      5.000   -1.850  0.000
11/22/2006  70633     54   5119  21189      0    199      0      0      0      0      0      0      0   0.00   0.00      0   0.00 82431.9  0.000    0.0  0.000      0      0      0      0      0      5.000   -3.145  0.000
11/23/2006  70637     44   4440  21191      0    134      0      0      0      0      0      0      0   0.00   0.00      0   0.00 82158.3  0.000    0.0  0.000      0      0      0      0      0      5.000   -0.095  0.550
11/24/2006  70654     37   4027  21196      0     60      0      0      0      0      0      0      0   0.00   0.00      0   0.00 81883.8  0.000    0.0  0.000      0      0      0      0      0      5.000    3.395  0.925
11/25/2006  70640     29   3659  21192      0     15      0      0      0      0      0      0      0   0.00   0.00      0   0.00 81608.6  0.000    0.0  0.000      0      0      0      0      0      5.000    3.995  0.675
11/26/2006  70596     22   3299  21178      0      1      0      0      0      0      0      0      0   0.00   0.00      0   0.00 81332.9  0.000    0.0  0.000      0      0      0      0      0      5.000   -0.845  0.000
11/27/2006  70596     22   3299  21178      0      0      0      0      0      0      0      0      0   0.00   0.00      0   0.00 81057.1  0.000    0.0  0.000      0      0      0      0      0      5.000   -1.920  0.000
11/28/2006  70596     22   3299  21178      0      0      0      0      0      0      0      0      0   0.00   0.00      0   0.00 80781.4  0.000    0.0  0.000      0      0      0      0      0      5.000    1.700  0.025
11/29/2006  70596     22   3299  21178      0      0      0      0      0      0      0      0      0   0.00   0.00      0   0.00 80505.6  0.000    0.0  0.000      0      0      0      0      0      5.000    0.555  7.150
11/30/2006  70596     22   3299  21178      0      0      0      0      0      0      0      0      0   0.00   0.00      0   0.00 80229.9  0.000    0.0  0.000      0      0      0      0      0      5.000   -0.130  0.100
12/01/2006  70596     22   3299  21178      0      0      0      0      0      0      0      0      0   0.00   0.00      0   0.00 79954.2  0.000    0.0  0.000      0      0      0      0      0      5.000    2.145  0.000
12/02/2006  70596     22   3299  21178      0      0      0      0      0      0      0      0      0   0.00   0.00      0   0.00 79678.4  0.000    0.0  0.000      0      0      0      0      0      5.000    0.605  1.275
12/03/2006  70596     22   3299  21178      0      0      0      0      0      0      0      0      0   0.00   0.00      0   0.00 79402.7  0.000    0.0  0.000      0      0      0      0      0      5.000   -1.230  1.125
12/04/2006  70596     22   3299  21178      0      0      0      0      0      0      0      0      0   0.00   0.00      0   0.00 79126.9  0.000    0.0  0.000      0      0      0      0      0      5.000   -2.835  0.000
12/05/2006  70596     22   3299  21178      0      0      0      0      0      0      0      0      0   0.00   0.00      0   0.00 78851.2  0.000    0.0  0.000      0      0      0      0      0      5.000   -9.865  0.000
12/06/2006  70596     22   3299  21178      0      0      0      0      0      0      0      0      0   0.00   0.00      0   0.00 78575.5  0.000    0.0  0.000      0      0      0      0      0      5.000   -15.550  0.000
12/07/2006  70596     22   3299  21178      0      0      0      0      0      0      0      0      0   0.00   0.00      0   0.00 78299.7  0.000    0.0  0.000      0      0      0      0      0      5.000   -8.085  0.575
12/08/2006  70596     22   3299  21178      0      0      0      0      0      0      0      0      0   0.00   0.00      0   0.00 78024.0  0.000    0.0  0.000      0      0      0      0      0      5.000   -0.400  0.650
12/09/2006  70596     22   3299  21178      0      0      0      0      0      0      0      0      0   0.00   0.00      0   0.00 77748.2  0.000    0.0  0.000      0      0      0      0      0      5.000    2.105  2.275
12/10/2006  70596     22   3299  21178      0      0      0      0      0      0      0      0      0   0.00   0.00      0   0.00 77472.5  0.000    0.0  0.000      0      0      0      0      0      5.000   -1.420  0.000
12/11/2006  70596     22   3299  21178      0      0      0      0      0      0      0      0      0   0.00   0.00      0   0.00 77196.7  0.000    0.0  0.000      0      0      0      0      0      5.000   -2.745  0.000
12/12/2006  70596     22   3299  21178      0      0      0      0      0      0      0      0      0   0.00   0.00      0   0.00 76921.0  0.000    0.0  0.000      0      0      0      0      0      5.000   -4.140  0.000
12/13/2006  70596     22   3299  21178      0      0      0      0      0      0      0      0      0   0.00   0.00      0   0.00 76645.3  0.000    0.0  0.000      0      0      0      0      0      5.000    0.625  0.000
12/14/2006  70596     22   3299  21178      0      0      0      0      0      0      0      0      0   0.00   0.00      0   0.00 76369.5  0.000    0.0  0.000      0      0      0      0      0      5.000    2.225  0.425
12/15/2006  70596     22   3299  21178      0      0      0      0      0      0      0      0      0   0.00   0.00      0   0.00 76093.8  0.000    0.0  0.000      0      0      0      0      0      5.000    1.085  5.450
12/16/2006  70596     22   3299  21178      0      0      0      0      0      0      0      0      0   0.00   0.00      0   0.00 75818.0  0.000    0.0  0.000      0      0      0      0      0      5.000   -0.855  2.300
12/17/2006  70596     22   3299  21178      0      0      0      0      0      0      0      0      0   0.00   0.00      0   0.00 75542.3  0.000    0.0  0.000      0      0      0      0      0      5.000   -3.380  0.000
12/18/2006  70596     22   3299  21178      0      0      0      0      0      0      0      0      0   0.00   0.00      0   0.00 75266.6  0.000    0.0  0.000      0      0      0      0      0      5.000   -2.850  0.000
12/19/2006  70596     22   3299  21178      0      0      0      0      0      0      0      0      0   0.00   0.00      0   0.00 74990.8  0.000    0.0  0.000      0      0      0      0      0      5.000   -0.540  0.000
12/20/2006  70596     22   3299  21178      0      0      0      0      0      0      0      0      0   0.00   0.00      0   0.00 74715.1  0.000    0.0  0.000      0      0      0      0      0      5.000   -2.015  0.000
12/21/2006  70596     22   3299  21178      0      0      0      0      0      0      0      0      0   0.00   0.00      0   0.00 74439.3  0.000    0.0  0.000      0      0      0      0      0      5.000   -2.960  0.000
12/22/2006  70596     22   3299  21178      0      0      0      0      0      0      0      0      0   0.00   0.00      0   0.00 74163.6  0.000    0.0  0.000      0      0      0      0      0      5.000   -3.085  0.000
12/23/2006  70596     22   3299  21178      0      0      0      0      0      0      0      0      0   0.00   0.00      0   0.00 73887.8  0.000    0.0  0.000      0      0      0      0      0      5.000   -3.845  0.000
12/24/2006  70596     22   3299  21178      0      0      0      0      0      0      0      0      0   0.00   0.00      0   0.00 73612.1  0.000    0.0  0.000      0      0      0      0      0      5.000   -0.720  3.275
12/25/2006  70596     22   3299  21178      0      0      0      0      0      0      0      0      0   0.00   0.00      0   0.00 73336.4  0.000    0.0  0.000      0      0      0      0      0      5.000    0.425 13.025
12/26/2006  70596     22   3299  21178      0      0      0      0      0      0      0      0      0   0.00   0.00      0   0.00 73060.6  0.000    0.0  0.000      0      0      0      0      0      5.000    0.960 10.975
12/27/2006  70596     22   3299  21178      0      0      0      0      0      0      0      0      0   0.00   0.00      0   0.00 72784.9  0.000    0.0  0.000      0      0      0      0      0      5.000    0.185  3.425
12/28/2006  70596     22   3299  21178      0      0      0      0      0      0      0      0      0   0.00   0.00      0   0.00 72509.1  0.000    0.0  0.000      0      0      0      0      0      5.000    2.255  1.975
12/29/2006  70596     22   3299  21178      0      0      0      0      0      0      0      0      0   0.00   0.00      0   0.00 72233.4  0.000    0.0  0.000      0      0      0      0      0      5.000    0.840  3.200
12/30/2006  70596     22   3299  21178      0      0      0      0      0      0      0      0      0   0.00   0.00      0   0.00 71957.6  0.000    0.0  0.000      0      0      0      0      0      5.000    2.225  0.000
12/31/2006  70596     22   3299  21178      0      0      0      0      0      0      0      0      0   0.00   0.00      0   0.00 71681.9  0.000    0.0  0.000      0      0      0      0      0      5.000   -2.300  0.000
